    0          35      35           0       0         230           0
    1          41      49          35     161         171          10
    2          35      17          35      5          19          10
    3          55      45          35     116         126          10
    4          55      20          35     149         159          10
    5          15      30          35      24          34          10
    6          25      30          35      99         109          10
    7          20      50          35      81          91          10
    13         30      25          35     159         169          10
    14         15      10          35      32          42          10
    15         30       5          35      61          71          10