
 模型求解状态 : OPTIMAL 

 Gurobi获得的解的个数:1


 目标函数 : 13.0

模型求解时间 : 2.802999973297119 s


----- 移动决策变量的取值 --- 
z (1, 11, 15) = 1.0
z (2, 10, 11) = 1.0
z (3, 6, 10) = 1.0
z (4, 5, 6) = 1.0
z (5, 9, 5) = 1.0
z (6, 1, 0) = 1.0
z (7, 5, 1) = 1.0
z (8, 4, 5) = 1.0
z (9, 0, 4) = 1.0
z (10, 1, 0) = 1.0
z (11, 2, 1) = 1.0
z (12, 3, 2) = 1.0
z (13, 7, 3) = 1.0

----- 最优解 (逐步展示的版本)--- 

 -------- 第  0 步 --------
[[0. 1. 1. 1.]
 [1. 1. 1. 2.]
 [1. 2. 1. 1.]
 [1. 1. 1. 0.]]
 -------- 第  1 步 --------
[[0. 1. 1. 1.]
 [1. 1. 1. 2.]
 [1. 2. 1. 0.]
 [1. 1. 1. 1.]]
 -------- 第  2 步 --------
[[0. 1. 1. 1.]
 [1. 1. 1. 2.]
 [1. 2. 0. 1.]
 [1. 1. 1. 1.]]
 -------- 第  3 步 --------
[[0. 1. 1. 1.]
 [1. 1. 0. 2.]
 [1. 2. 1. 1.]
 [1. 1. 1. 1.]]
 -------- 第  4 步 --------
[[0. 1. 1. 1.]
 [1. 0. 1. 2.]
 [1. 2. 1. 1.]
 [1. 1. 1. 1.]]
 -------- 第  5 步 --------
[[0. 1. 1. 1.]
 [1. 2. 1. 2.]
 [1. 0. 1. 1.]
 [1. 1. 1. 1.]]
 -------- 第  6 步 --------
[[1. 0. 1. 1.]
 [1. 2. 1. 2.]
 [1. 0. 1. 1.]
 [1. 1. 1. 1.]]
 -------- 第  7 步 --------
[[1. 2. 1. 1.]
 [1. 0. 1. 2.]
 [1. 0. 1. 1.]
 [1. 1. 1. 1.]]
 -------- 第  8 步 --------
[[1. 2. 1. 1.]
 [0. 1. 1. 2.]
 [1. 0. 1. 1.]
 [1. 1. 1. 1.]]
 -------- 第  9 步 --------
[[-0.  2.  1.  1.]
 [ 1.  1.  1.  2.]
 [ 1.  0.  1.  1.]
 [ 1.  1.  1.  1.]]
 -------- 第 10 步 --------
[[ 2. -0.  1.  1.]
 [ 1.  1.  1.  2.]
 [ 1.  0.  1.  1.]
 [ 1.  1.  1.  1.]]
 -------- 第 11 步 --------
[[ 2.  1. -0.  1.]
 [ 1.  1.  1.  2.]
 [ 1.  0.  1.  1.]
 [ 1.  1.  1.  1.]]
 -------- 第 12 步 --------
[[2. 1. 1. 0.]
 [1. 1. 1. 2.]
 [1. 0. 1. 1.]
 [1. 1. 1. 1.]]
 -------- 第 13 步 --------
[[ 2.  1.  1.  2.]
 [ 1.  1.  1. -0.]
 [ 1.  0.  1.  1.]
 [ 1.  1.  1.  1.]]

 Solution End 


 模型求解状态 : OPTIMAL 

 Gurobi获得的解的个数:1


 目标函数 : 13.0

模型求解时间 : 2.860999822616577 s


----- 移动决策变量的取值 --- 
z (1, 11, 15) = 1.0
z (2, 10, 11) = 1.0
z (3, 6, 10) = 1.0
z (4, 5, 6) = 1.0
z (5, 9, 5) = 1.0
z (6, 1, 0) = 1.0
z (7, 5, 1) = 1.0
z (8, 4, 5) = 1.0
z (9, 0, 4) = 1.0
z (10, 1, 0) = 1.0
z (11, 2, 1) = 1.0
z (12, 3, 2) = 1.0
z (13, 7, 3) = 1.0

----- 最优解 (逐步展示的版本)--- 

 -------- 第  0 步 --------
[[0. 1. 1. 1.]
 [1. 1. 1. 2.]
 [1. 2. 1. 1.]
 [1. 1. 1. 0.]]
 -------- 第  1 步 --------
[[0. 1. 1. 1.]
 [1. 1. 1. 2.]
 [1. 2. 1. 0.]
 [1. 1. 1. 1.]]
 -------- 第  2 步 --------
[[0. 1. 1. 1.]
 [1. 1. 1. 2.]
 [1. 2. 0. 1.]
 [1. 1. 1. 1.]]
 -------- 第  3 步 --------
[[0. 1. 1. 1.]
 [1. 1. 0. 2.]
 [1. 2. 1. 1.]
 [1. 1. 1. 1.]]
 -------- 第  4 步 --------
[[0. 1. 1. 1.]
 [1. 0. 1. 2.]
 [1. 2. 1. 1.]
 [1. 1. 1. 1.]]
 -------- 第  5 步 --------
[[0. 1. 1. 1.]
 [1. 2. 1. 2.]
 [1. 0. 1. 1.]
 [1. 1. 1. 1.]]
 -------- 第  6 步 --------
[[1. 0. 1. 1.]
 [1. 2. 1. 2.]
 [1. 0. 1. 1.]
 [1. 1. 1. 1.]]
 -------- 第  7 步 --------
[[1. 2. 1. 1.]
 [1. 0. 1. 2.]
 [1. 0. 1. 1.]
 [1. 1. 1. 1.]]
 -------- 第  8 步 --------
[[1. 2. 1. 1.]
 [0. 1. 1. 2.]
 [1. 0. 1. 1.]
 [1. 1. 1. 1.]]
 -------- 第  9 步 --------
[[-0.  2.  1.  1.]
 [ 1.  1.  1.  2.]
 [ 1.  0.  1.  1.]
 [ 1.  1.  1.  1.]]
 -------- 第 10 步 --------
[[ 2. -0.  1.  1.]
 [ 1.  1.  1.  2.]
 [ 1.  0.  1.  1.]
 [ 1.  1.  1.  1.]]
 -------- 第 11 步 --------
[[ 2.  1. -0.  1.]
 [ 1.  1.  1.  2.]
 [ 1.  0.  1.  1.]
 [ 1.  1.  1.  1.]]
 -------- 第 12 步 --------
[[2. 1. 1. 0.]
 [1. 1. 1. 2.]
 [1. 0. 1. 1.]
 [1. 1. 1. 1.]]
 -------- 第 13 步 --------
[[ 2.  1.  1.  2.]
 [ 1.  1.  1. -0.]
 [ 1.  0.  1.  1.]
 [ 1.  1.  1.  1.]]

 Solution End 

