0          35       35       0        0        230      0
1          5        5        16       113      123     10
2          20       65       12       55       65       10
3          6       38       16       125      135      10
4          35      17       7        0        202      10
5          20       50       5        88       98      10
7          49       11       18       0        192      10
8          13       52       36       147      157      10
9          5        30       2        87       97       10
10         41       49       10       36       46       10
11         37       56       5        49       59       10
12         15       19       1        87       97       10
13         27       43       9        111      121      10
14         25       24       20       140      150      10
15         56       37       6        108      118      10
16         11       18       0        0        230      0