[2025-06-20 16:02:12,083] [INFO] [control_cvxpy_demo.py:68:<module>] optim_objective: inf
[2025-06-20 16:02:12,084] [INFO] [control_cvxpy_demo.py:69:<module>] optim_x: 
None
[2025-06-20 16:02:12,084] [INFO] [control_cvxpy_demo.py:70:<module>] optim_lagr_multip: 
None
[2025-06-20 16:02:38,446] [INFO] [control_cvxpy_demo.py:74:<module>] optim_objective: inf
[2025-06-20 16:02:38,446] [INFO] [control_cvxpy_demo.py:75:<module>] optim_x: 
None
[2025-06-20 16:02:38,446] [INFO] [control_cvxpy_demo.py:76:<module>] optim_lagr_multip: 
None
[2025-06-20 16:03:32,528] [INFO] [control_cvxpy_demo.py:85:<module>] optim_objective: inf
[2025-06-20 16:03:32,528] [INFO] [control_cvxpy_demo.py:86:<module>] optim_x: 
None
[2025-06-20 16:03:32,528] [INFO] [control_cvxpy_demo.py:87:<module>] optim_lagr_multip: 
None
[2025-06-20 16:04:24,804] [INFO] [control_cvxpy_demo.py:74:<module>] optim_objective: inf
[2025-06-20 16:04:24,805] [INFO] [control_cvxpy_demo.py:75:<module>] optim_x: 
None
[2025-06-20 16:04:24,805] [INFO] [control_cvxpy_demo.py:76:<module>] optim_lagr_multip: 
None
[2025-06-20 16:04:32,981] [INFO] [control_cvxpy_demo.py:74:<module>] optim_objective: inf
[2025-06-20 16:04:32,982] [INFO] [control_cvxpy_demo.py:75:<module>] optim_x: None
[2025-06-20 16:04:32,982] [INFO] [control_cvxpy_demo.py:76:<module>] optim_lagr_multip: None
[2025-06-20 16:06:55,307] [INFO] [control_cvxpy_demo.py:74:<module>] optim_objective: 2515.772083671148
[2025-06-20 16:06:55,310] [INFO] [control_cvxpy_demo.py:75:<module>] optim_x: [[-2.26319382e+00 -2.45608076e+00 -1.91299157e+00 -1.06362715e+00
  -3.37897284e-02  1.23558844e+00  2.53900182e+00  3.91028522e+00
   4.67554148e+00  4.71328495e+00  4.35760699e+00  3.84912730e+00
   3.30265325e+00  2.77065993e+00  2.27572548e+00  1.82627193e+00
   1.42414193e+00  1.06822577e+00  7.56181401e-01  4.85236395e-01
   2.52550230e-01  5.53680941e-02 -1.08922457e-01 -2.42778729e-01
  -3.48508778e-01 -4.28284275e-01 -4.84155114e-01 -5.18063629e-01
  -5.31857695e-01 -5.27302636e-01 -5.06092150e-01 -4.69858554e-01
  -4.20182719e-01 -3.58604060e-01 -2.86631054e-01 -2.05752878e-01
  -1.17453119e-01 -2.32272212e-02  7.53932176e-02  1.76803054e-01
   2.79260627e-01  3.80773712e-01  4.78882266e-01  5.70230953e-01
   6.49711702e-01  7.08725004e-01  7.31640249e-01  6.88687317e-01
   5.23506609e-01  1.59774043e-01 -6.70752095e-10]
 [ 3.75860446e+00  5.85368159e-01 -1.48124969e+00 -3.26789858e+00
  -5.02968822e+00 -6.50098949e+00 -8.09353307e+00 -9.74977861e+00
  -9.13599207e+00 -7.57177009e+00 -6.16282726e+00 -4.98448175e+00
  -4.02542993e+00 -3.25963488e+00 -2.65902841e+00 -2.19716930e+00
  -1.85039625e+00 -1.59806232e+00 -1.42240907e+00 -1.30830754e+00
  -1.24296277e+00 -1.21562345e+00 -1.21731278e+00 -1.24058613e+00
  -1.27931563e+00 -1.32849997e+00 -1.38409703e+00 -1.44287651e+00
  -1.50229032e+00 -1.56035824e+00 -1.61556697e+00 -1.66678052e+00
  -1.71316046e+00 -1.75409429e+00 -1.78913034e+00 -1.81791739e+00
  -1.84014647e+00 -1.85549098e+00 -1.86353816e+00 -1.86369876e+00
  -1.85506856e+00 -1.83618851e+00 -1.80459510e+00 -1.75593842e+00
  -1.68221129e+00 -1.56815347e+00 -1.38393423e+00 -1.07062626e+00
  -5.17440831e-01  3.79146132e-01 -1.05416257e-09]
 [ 1.53878947e+00 -4.72389706e-01 -1.45484777e+00 -2.27408639e+00
  -3.17771342e+00 -4.01060533e+00 -4.81789689e+00 -5.48396119e+00
  -5.27338966e+00 -4.90728554e+00 -4.72033807e+00 -4.60472387e+00
  -4.49683283e+00 -4.37037867e+00 -4.21820358e+00 -4.04189881e+00
  -3.84657801e+00 -3.63836141e+00 -3.42321712e+00 -3.20646757e+00
  -2.99261643e+00 -2.78532641e+00 -2.58746486e+00 -2.40117700e+00
  -2.22796743e+00 -2.06878052e+00 -1.92407580e+00 -1.79389645e+00
  -1.67793047e+00 -1.57556460e+00 -1.48593114e+00 -1.40794837e+00
  -1.34035469e+00 -1.28173702e+00 -1.23055374e+00 -1.18515225e+00
  -1.14378116e+00 -1.10459670e+00 -1.06566253e+00 -1.02494070e+00
  -9.80270167e-01 -9.29324706e-01 -8.69534690e-01 -7.97941245e-01
  -7.10919125e-01 -6.03639656e-01 -4.69019875e-01 -2.95761462e-01
  -6.64758360e-02  2.14987028e-01  1.04578018e-09]
 [-8.94278504e-01 -1.59792856e+00 -1.23996658e+00 -5.39444369e-01
   2.70761186e-01  1.65177130e+00  3.03944274e+00  4.47041518e+00
   5.60399574e+00  5.96700527e+00  5.76436723e+00  5.31264120e+00
   4.77005785e+00  4.21213688e+00  3.67399281e+00  3.17116124e+00
   2.70971000e+00  2.29114554e+00  1.91479650e+00  1.57897434e+00
   1.28154051e+00  1.02018563e+00  7.92568319e-01  5.96385418e-01
   4.29408097e-01  2.89500558e-01  1.74629430e-01  8.28677945e-02
   1.23957592e-02 -3.85013718e-02 -7.14367672e-02 -8.79271776e-02
  -8.93991781e-02 -7.71962829e-02 -5.25867236e-02 -1.67717836e-02
   2.91051341e-02  8.39479592e-02  1.46693915e-01  2.16291254e-01
   2.91658381e-01  3.71602177e-01  4.54648911e-01  5.38690622e-01
   6.20245648e-01  6.92917169e-01  7.44193724e-01  7.48879511e-01
   6.56476578e-01  3.80060114e-01 -2.51105616e-10]
 [ 1.46555443e+00  1.97388743e+00  3.63108141e+00  5.43734152e+00
   7.10489561e+00  6.46847251e+00  5.54834803e+00  4.65505000e+00
   3.43065550e+00  2.12661433e+00  8.96860589e-01 -2.32625011e-01
  -1.23164476e+00 -2.08917665e+00 -2.80703429e+00 -3.39364253e+00
  -3.86029865e+00 -4.21918335e+00 -4.48236202e+00 -4.66130831e+00
  -4.76669590e+00 -4.80832660e+00 -4.79512760e+00 -4.73518343e+00
  -4.63578496e+00 -4.50348602e+00 -4.34416281e+00 -4.16307327e+00
  -3.96491490e+00 -3.75388039e+00 -3.53371045e+00 -3.30774391e+00
  -3.07896493e+00 -2.85004771e+00 -2.62339864e+00 -2.40119647e+00
  -2.18543067e+00 -1.97793863e+00 -1.78044198e+00 -1.59458297e+00
  -1.42196147e+00 -1.26417386e+00 -1.12285544e+00 -9.99728532e-01
  -8.96660044e-01 -8.15732156e-01 -7.59317557e-01 -7.29983816e-01
  -7.27810857e-01 -7.10381083e-01  1.17337807e-10]
 [-2.26715134e-01 -1.55902240e+00 -1.55847854e+00 -1.04834558e+00
  -2.75669563e-01  3.04980016e-01  6.18342219e-01  7.62559270e-01
   1.41823065e+00  1.98626167e+00  2.22827435e+00  2.29094826e+00
   2.26499010e+00  2.19781483e+00  2.11368024e+00  2.02497354e+00
   1.93798032e+00  1.85578826e+00  1.77975613e+00  1.71027141e+00
   1.64715453e+00  1.58988610e+00  1.53774322e+00  1.48988738e+00
   1.44542512e+00  1.40345187e+00  1.36308462e+00  1.32348635e+00
   1.28388395e+00  1.24358083e+00  1.20196485e+00  1.15851212e+00
   1.11278721e+00  1.06443992e+00  1.01319884e+00  9.58862111e-01
   9.01285480e-01  8.40368481e-01  7.76039949e-01  7.08246011e-01
   6.36947126e-01  5.62138303e-01  4.83922292e-01  4.02698028e-01
   3.19593715e-01  2.37412257e-01  1.62636895e-01  1.09537249e-01
   1.07110688e-01  1.88900806e-01  2.62300162e-10]
 [ 3.39488815e+00  1.34031135e+00 -2.45394112e-01 -1.75762834e+00
  -3.31253995e+00 -3.40782494e+00 -3.57331691e+00 -3.91854560e+00
  -3.40681776e+00 -2.86668401e+00 -2.60602471e+00 -2.43414818e+00
  -2.26705226e+00 -2.07457951e+00 -1.85049988e+00 -1.59858654e+00
  -1.32624419e+00 -1.04163756e+00 -7.52454697e-01 -4.65432838e-01
  -1.86234594e-01  8.05213383e-02  3.31167281e-01  5.62874454e-01
   7.73540950e-01  9.61687937e-01  1.12636697e+00  1.26707896e+00
   1.38370436e+00  1.47644367e+00  1.54576742e+00  1.59237477e+00
   1.61715998e+00  1.62118624e+00  1.60566627e+00  1.57194970e+00
   1.52151726e+00  1.45598249e+00  1.37710275e+00  1.28680346e+00
   1.18722352e+00  1.08079859e+00  9.70416206e-01  8.59712322e-01
   7.53652025e-01  6.59684934e-01  5.90052969e-01  5.66198016e-01
   6.23831310e-01  7.65573372e-01  1.42577779e-10]
 [ 4.55945045e+00  2.62166413e+00  1.68045223e+00  1.06745468e+00
   5.89466552e-01  7.17375482e-01  6.64453331e-01  4.29796356e-01
   1.00591451e+00  1.64138028e+00  2.01318059e+00  2.27654586e+00
   2.50603278e+00  2.72831509e+00  2.94832258e+00  3.16226848e+00
   3.36370830e+00  3.54621657e+00  3.70445673e+00  3.83450355e+00
   3.93383124e+00  4.00116412e+00  4.03628203e+00  4.03982232e+00
   4.01309654e+00  3.95792799e+00  3.87651171e+00  3.77129575e+00
   3.64488177e+00  3.49994304e+00  3.33915736e+00  3.16515330e+00
   2.98046769e+00  2.78751303e+00  2.58855332e+00  2.38568748e+00
   2.18083956e+00  1.97575596e+00  1.77201086e+00  1.57102398e+00
   1.37409943e+00  1.18250550e+00  9.97636507e-01  8.21342534e-01
   6.56604656e-01  5.08920600e-01  3.89139615e-01  3.19081049e-01
   3.39948057e-01  4.82628549e-01  9.16466788e-10]]
[2025-06-20 16:06:55,310] [INFO] [control_cvxpy_demo.py:76:<module>] optim_lagr_multip: [ 897.10517155 -440.38400679 1207.16918471 -696.954602   -716.73232937
  758.89178241 -640.78856521 -369.68237559]
[2025-06-20 16:07:22,767] [INFO] [control_cvxpy_demo.py:74:<module>] optim_objective: 2515.772083671148
[2025-06-20 16:07:22,768] [INFO] [control_cvxpy_demo.py:75:<module>] optim_x: 
[[-2.26319382e+00 -2.45608076e+00 -1.91299157e+00 -1.06362715e+00
  -3.37897284e-02  1.23558844e+00  2.53900182e+00  3.91028522e+00
   4.67554148e+00  4.71328495e+00  4.35760699e+00  3.84912730e+00
   3.30265325e+00  2.77065993e+00  2.27572548e+00  1.82627193e+00
   1.42414193e+00  1.06822577e+00  7.56181401e-01  4.85236395e-01
   2.52550230e-01  5.53680941e-02 -1.08922457e-01 -2.42778729e-01
  -3.48508778e-01 -4.28284275e-01 -4.84155114e-01 -5.18063629e-01
  -5.31857695e-01 -5.27302636e-01 -5.06092150e-01 -4.69858554e-01
  -4.20182719e-01 -3.58604060e-01 -2.86631054e-01 -2.05752878e-01
  -1.17453119e-01 -2.32272212e-02  7.53932176e-02  1.76803054e-01
   2.79260627e-01  3.80773712e-01  4.78882266e-01  5.70230953e-01
   6.49711702e-01  7.08725004e-01  7.31640249e-01  6.88687317e-01
   5.23506609e-01  1.59774043e-01 -6.70752095e-10]
 [ 3.75860446e+00  5.85368159e-01 -1.48124969e+00 -3.26789858e+00
  -5.02968822e+00 -6.50098949e+00 -8.09353307e+00 -9.74977861e+00
  -9.13599207e+00 -7.57177009e+00 -6.16282726e+00 -4.98448175e+00
  -4.02542993e+00 -3.25963488e+00 -2.65902841e+00 -2.19716930e+00
  -1.85039625e+00 -1.59806232e+00 -1.42240907e+00 -1.30830754e+00
  -1.24296277e+00 -1.21562345e+00 -1.21731278e+00 -1.24058613e+00
  -1.27931563e+00 -1.32849997e+00 -1.38409703e+00 -1.44287651e+00
  -1.50229032e+00 -1.56035824e+00 -1.61556697e+00 -1.66678052e+00
  -1.71316046e+00 -1.75409429e+00 -1.78913034e+00 -1.81791739e+00
  -1.84014647e+00 -1.85549098e+00 -1.86353816e+00 -1.86369876e+00
  -1.85506856e+00 -1.83618851e+00 -1.80459510e+00 -1.75593842e+00
  -1.68221129e+00 -1.56815347e+00 -1.38393423e+00 -1.07062626e+00
  -5.17440831e-01  3.79146132e-01 -1.05416257e-09]
 [ 1.53878947e+00 -4.72389706e-01 -1.45484777e+00 -2.27408639e+00
  -3.17771342e+00 -4.01060533e+00 -4.81789689e+00 -5.48396119e+00
  -5.27338966e+00 -4.90728554e+00 -4.72033807e+00 -4.60472387e+00
  -4.49683283e+00 -4.37037867e+00 -4.21820358e+00 -4.04189881e+00
  -3.84657801e+00 -3.63836141e+00 -3.42321712e+00 -3.20646757e+00
  -2.99261643e+00 -2.78532641e+00 -2.58746486e+00 -2.40117700e+00
  -2.22796743e+00 -2.06878052e+00 -1.92407580e+00 -1.79389645e+00
  -1.67793047e+00 -1.57556460e+00 -1.48593114e+00 -1.40794837e+00
  -1.34035469e+00 -1.28173702e+00 -1.23055374e+00 -1.18515225e+00
  -1.14378116e+00 -1.10459670e+00 -1.06566253e+00 -1.02494070e+00
  -9.80270167e-01 -9.29324706e-01 -8.69534690e-01 -7.97941245e-01
  -7.10919125e-01 -6.03639656e-01 -4.69019875e-01 -2.95761462e-01
  -6.64758360e-02  2.14987028e-01  1.04578018e-09]
 [-8.94278504e-01 -1.59792856e+00 -1.23996658e+00 -5.39444369e-01
   2.70761186e-01  1.65177130e+00  3.03944274e+00  4.47041518e+00
   5.60399574e+00  5.96700527e+00  5.76436723e+00  5.31264120e+00
   4.77005785e+00  4.21213688e+00  3.67399281e+00  3.17116124e+00
   2.70971000e+00  2.29114554e+00  1.91479650e+00  1.57897434e+00
   1.28154051e+00  1.02018563e+00  7.92568319e-01  5.96385418e-01
   4.29408097e-01  2.89500558e-01  1.74629430e-01  8.28677945e-02
   1.23957592e-02 -3.85013718e-02 -7.14367672e-02 -8.79271776e-02
  -8.93991781e-02 -7.71962829e-02 -5.25867236e-02 -1.67717836e-02
   2.91051341e-02  8.39479592e-02  1.46693915e-01  2.16291254e-01
   2.91658381e-01  3.71602177e-01  4.54648911e-01  5.38690622e-01
   6.20245648e-01  6.92917169e-01  7.44193724e-01  7.48879511e-01
   6.56476578e-01  3.80060114e-01 -2.51105616e-10]
 [ 1.46555443e+00  1.97388743e+00  3.63108141e+00  5.43734152e+00
   7.10489561e+00  6.46847251e+00  5.54834803e+00  4.65505000e+00
   3.43065550e+00  2.12661433e+00  8.96860589e-01 -2.32625011e-01
  -1.23164476e+00 -2.08917665e+00 -2.80703429e+00 -3.39364253e+00
  -3.86029865e+00 -4.21918335e+00 -4.48236202e+00 -4.66130831e+00
  -4.76669590e+00 -4.80832660e+00 -4.79512760e+00 -4.73518343e+00
  -4.63578496e+00 -4.50348602e+00 -4.34416281e+00 -4.16307327e+00
  -3.96491490e+00 -3.75388039e+00 -3.53371045e+00 -3.30774391e+00
  -3.07896493e+00 -2.85004771e+00 -2.62339864e+00 -2.40119647e+00
  -2.18543067e+00 -1.97793863e+00 -1.78044198e+00 -1.59458297e+00
  -1.42196147e+00 -1.26417386e+00 -1.12285544e+00 -9.99728532e-01
  -8.96660044e-01 -8.15732156e-01 -7.59317557e-01 -7.29983816e-01
  -7.27810857e-01 -7.10381083e-01  1.17337807e-10]
 [-2.26715134e-01 -1.55902240e+00 -1.55847854e+00 -1.04834558e+00
  -2.75669563e-01  3.04980016e-01  6.18342219e-01  7.62559270e-01
   1.41823065e+00  1.98626167e+00  2.22827435e+00  2.29094826e+00
   2.26499010e+00  2.19781483e+00  2.11368024e+00  2.02497354e+00
   1.93798032e+00  1.85578826e+00  1.77975613e+00  1.71027141e+00
   1.64715453e+00  1.58988610e+00  1.53774322e+00  1.48988738e+00
   1.44542512e+00  1.40345187e+00  1.36308462e+00  1.32348635e+00
   1.28388395e+00  1.24358083e+00  1.20196485e+00  1.15851212e+00
   1.11278721e+00  1.06443992e+00  1.01319884e+00  9.58862111e-01
   9.01285480e-01  8.40368481e-01  7.76039949e-01  7.08246011e-01
   6.36947126e-01  5.62138303e-01  4.83922292e-01  4.02698028e-01
   3.19593715e-01  2.37412257e-01  1.62636895e-01  1.09537249e-01
   1.07110688e-01  1.88900806e-01  2.62300162e-10]
 [ 3.39488815e+00  1.34031135e+00 -2.45394112e-01 -1.75762834e+00
  -3.31253995e+00 -3.40782494e+00 -3.57331691e+00 -3.91854560e+00
  -3.40681776e+00 -2.86668401e+00 -2.60602471e+00 -2.43414818e+00
  -2.26705226e+00 -2.07457951e+00 -1.85049988e+00 -1.59858654e+00
  -1.32624419e+00 -1.04163756e+00 -7.52454697e-01 -4.65432838e-01
  -1.86234594e-01  8.05213383e-02  3.31167281e-01  5.62874454e-01
   7.73540950e-01  9.61687937e-01  1.12636697e+00  1.26707896e+00
   1.38370436e+00  1.47644367e+00  1.54576742e+00  1.59237477e+00
   1.61715998e+00  1.62118624e+00  1.60566627e+00  1.57194970e+00
   1.52151726e+00  1.45598249e+00  1.37710275e+00  1.28680346e+00
   1.18722352e+00  1.08079859e+00  9.70416206e-01  8.59712322e-01
   7.53652025e-01  6.59684934e-01  5.90052969e-01  5.66198016e-01
   6.23831310e-01  7.65573372e-01  1.42577779e-10]
 [ 4.55945045e+00  2.62166413e+00  1.68045223e+00  1.06745468e+00
   5.89466552e-01  7.17375482e-01  6.64453331e-01  4.29796356e-01
   1.00591451e+00  1.64138028e+00  2.01318059e+00  2.27654586e+00
   2.50603278e+00  2.72831509e+00  2.94832258e+00  3.16226848e+00
   3.36370830e+00  3.54621657e+00  3.70445673e+00  3.83450355e+00
   3.93383124e+00  4.00116412e+00  4.03628203e+00  4.03982232e+00
   4.01309654e+00  3.95792799e+00  3.87651171e+00  3.77129575e+00
   3.64488177e+00  3.49994304e+00  3.33915736e+00  3.16515330e+00
   2.98046769e+00  2.78751303e+00  2.58855332e+00  2.38568748e+00
   2.18083956e+00  1.97575596e+00  1.77201086e+00  1.57102398e+00
   1.37409943e+00  1.18250550e+00  9.97636507e-01  8.21342534e-01
   6.56604656e-01  5.08920600e-01  3.89139615e-01  3.19081049e-01
   3.39948057e-01  4.82628549e-01  9.16466788e-10]]
[2025-06-20 16:07:22,768] [INFO] [control_cvxpy_demo.py:76:<module>] optim_lagr_multip: 
[ 897.10517155 -440.38400679 1207.16918471 -696.954602   -716.73232937
  758.89178241 -640.78856521 -369.68237559]
[2025-06-20 16:08:00,046] [INFO] [control_cvxpy_demo.py:75:<module>] optim_objective: 2515.772083671148
[2025-06-20 16:08:00,048] [INFO] [control_cvxpy_demo.py:76:<module>] optim_x: 
[[-2.26319382e+00 -2.45608076e+00 -1.91299157e+00 -1.06362715e+00
  -3.37897284e-02  1.23558844e+00  2.53900182e+00  3.91028522e+00
   4.67554148e+00  4.71328495e+00  4.35760699e+00  3.84912730e+00
   3.30265325e+00  2.77065993e+00  2.27572548e+00  1.82627193e+00
   1.42414193e+00  1.06822577e+00  7.56181401e-01  4.85236395e-01
   2.52550230e-01  5.53680941e-02 -1.08922457e-01 -2.42778729e-01
  -3.48508778e-01 -4.28284275e-01 -4.84155114e-01 -5.18063629e-01
  -5.31857695e-01 -5.27302636e-01 -5.06092150e-01 -4.69858554e-01
  -4.20182719e-01 -3.58604060e-01 -2.86631054e-01 -2.05752878e-01
  -1.17453119e-01 -2.32272212e-02  7.53932176e-02  1.76803054e-01
   2.79260627e-01  3.80773712e-01  4.78882266e-01  5.70230953e-01
   6.49711702e-01  7.08725004e-01  7.31640249e-01  6.88687317e-01
   5.23506609e-01  1.59774043e-01 -6.70752095e-10]
 [ 3.75860446e+00  5.85368159e-01 -1.48124969e+00 -3.26789858e+00
  -5.02968822e+00 -6.50098949e+00 -8.09353307e+00 -9.74977861e+00
  -9.13599207e+00 -7.57177009e+00 -6.16282726e+00 -4.98448175e+00
  -4.02542993e+00 -3.25963488e+00 -2.65902841e+00 -2.19716930e+00
  -1.85039625e+00 -1.59806232e+00 -1.42240907e+00 -1.30830754e+00
  -1.24296277e+00 -1.21562345e+00 -1.21731278e+00 -1.24058613e+00
  -1.27931563e+00 -1.32849997e+00 -1.38409703e+00 -1.44287651e+00
  -1.50229032e+00 -1.56035824e+00 -1.61556697e+00 -1.66678052e+00
  -1.71316046e+00 -1.75409429e+00 -1.78913034e+00 -1.81791739e+00
  -1.84014647e+00 -1.85549098e+00 -1.86353816e+00 -1.86369876e+00
  -1.85506856e+00 -1.83618851e+00 -1.80459510e+00 -1.75593842e+00
  -1.68221129e+00 -1.56815347e+00 -1.38393423e+00 -1.07062626e+00
  -5.17440831e-01  3.79146132e-01 -1.05416257e-09]
 [ 1.53878947e+00 -4.72389706e-01 -1.45484777e+00 -2.27408639e+00
  -3.17771342e+00 -4.01060533e+00 -4.81789689e+00 -5.48396119e+00
  -5.27338966e+00 -4.90728554e+00 -4.72033807e+00 -4.60472387e+00
  -4.49683283e+00 -4.37037867e+00 -4.21820358e+00 -4.04189881e+00
  -3.84657801e+00 -3.63836141e+00 -3.42321712e+00 -3.20646757e+00
  -2.99261643e+00 -2.78532641e+00 -2.58746486e+00 -2.40117700e+00
  -2.22796743e+00 -2.06878052e+00 -1.92407580e+00 -1.79389645e+00
  -1.67793047e+00 -1.57556460e+00 -1.48593114e+00 -1.40794837e+00
  -1.34035469e+00 -1.28173702e+00 -1.23055374e+00 -1.18515225e+00
  -1.14378116e+00 -1.10459670e+00 -1.06566253e+00 -1.02494070e+00
  -9.80270167e-01 -9.29324706e-01 -8.69534690e-01 -7.97941245e-01
  -7.10919125e-01 -6.03639656e-01 -4.69019875e-01 -2.95761462e-01
  -6.64758360e-02  2.14987028e-01  1.04578018e-09]
 [-8.94278504e-01 -1.59792856e+00 -1.23996658e+00 -5.39444369e-01
   2.70761186e-01  1.65177130e+00  3.03944274e+00  4.47041518e+00
   5.60399574e+00  5.96700527e+00  5.76436723e+00  5.31264120e+00
   4.77005785e+00  4.21213688e+00  3.67399281e+00  3.17116124e+00
   2.70971000e+00  2.29114554e+00  1.91479650e+00  1.57897434e+00
   1.28154051e+00  1.02018563e+00  7.92568319e-01  5.96385418e-01
   4.29408097e-01  2.89500558e-01  1.74629430e-01  8.28677945e-02
   1.23957592e-02 -3.85013718e-02 -7.14367672e-02 -8.79271776e-02
  -8.93991781e-02 -7.71962829e-02 -5.25867236e-02 -1.67717836e-02
   2.91051341e-02  8.39479592e-02  1.46693915e-01  2.16291254e-01
   2.91658381e-01  3.71602177e-01  4.54648911e-01  5.38690622e-01
   6.20245648e-01  6.92917169e-01  7.44193724e-01  7.48879511e-01
   6.56476578e-01  3.80060114e-01 -2.51105616e-10]
 [ 1.46555443e+00  1.97388743e+00  3.63108141e+00  5.43734152e+00
   7.10489561e+00  6.46847251e+00  5.54834803e+00  4.65505000e+00
   3.43065550e+00  2.12661433e+00  8.96860589e-01 -2.32625011e-01
  -1.23164476e+00 -2.08917665e+00 -2.80703429e+00 -3.39364253e+00
  -3.86029865e+00 -4.21918335e+00 -4.48236202e+00 -4.66130831e+00
  -4.76669590e+00 -4.80832660e+00 -4.79512760e+00 -4.73518343e+00
  -4.63578496e+00 -4.50348602e+00 -4.34416281e+00 -4.16307327e+00
  -3.96491490e+00 -3.75388039e+00 -3.53371045e+00 -3.30774391e+00
  -3.07896493e+00 -2.85004771e+00 -2.62339864e+00 -2.40119647e+00
  -2.18543067e+00 -1.97793863e+00 -1.78044198e+00 -1.59458297e+00
  -1.42196147e+00 -1.26417386e+00 -1.12285544e+00 -9.99728532e-01
  -8.96660044e-01 -8.15732156e-01 -7.59317557e-01 -7.29983816e-01
  -7.27810857e-01 -7.10381083e-01  1.17337807e-10]
 [-2.26715134e-01 -1.55902240e+00 -1.55847854e+00 -1.04834558e+00
  -2.75669563e-01  3.04980016e-01  6.18342219e-01  7.62559270e-01
   1.41823065e+00  1.98626167e+00  2.22827435e+00  2.29094826e+00
   2.26499010e+00  2.19781483e+00  2.11368024e+00  2.02497354e+00
   1.93798032e+00  1.85578826e+00  1.77975613e+00  1.71027141e+00
   1.64715453e+00  1.58988610e+00  1.53774322e+00  1.48988738e+00
   1.44542512e+00  1.40345187e+00  1.36308462e+00  1.32348635e+00
   1.28388395e+00  1.24358083e+00  1.20196485e+00  1.15851212e+00
   1.11278721e+00  1.06443992e+00  1.01319884e+00  9.58862111e-01
   9.01285480e-01  8.40368481e-01  7.76039949e-01  7.08246011e-01
   6.36947126e-01  5.62138303e-01  4.83922292e-01  4.02698028e-01
   3.19593715e-01  2.37412257e-01  1.62636895e-01  1.09537249e-01
   1.07110688e-01  1.88900806e-01  2.62300162e-10]
 [ 3.39488815e+00  1.34031135e+00 -2.45394112e-01 -1.75762834e+00
  -3.31253995e+00 -3.40782494e+00 -3.57331691e+00 -3.91854560e+00
  -3.40681776e+00 -2.86668401e+00 -2.60602471e+00 -2.43414818e+00
  -2.26705226e+00 -2.07457951e+00 -1.85049988e+00 -1.59858654e+00
  -1.32624419e+00 -1.04163756e+00 -7.52454697e-01 -4.65432838e-01
  -1.86234594e-01  8.05213383e-02  3.31167281e-01  5.62874454e-01
   7.73540950e-01  9.61687937e-01  1.12636697e+00  1.26707896e+00
   1.38370436e+00  1.47644367e+00  1.54576742e+00  1.59237477e+00
   1.61715998e+00  1.62118624e+00  1.60566627e+00  1.57194970e+00
   1.52151726e+00  1.45598249e+00  1.37710275e+00  1.28680346e+00
   1.18722352e+00  1.08079859e+00  9.70416206e-01  8.59712322e-01
   7.53652025e-01  6.59684934e-01  5.90052969e-01  5.66198016e-01
   6.23831310e-01  7.65573372e-01  1.42577779e-10]
 [ 4.55945045e+00  2.62166413e+00  1.68045223e+00  1.06745468e+00
   5.89466552e-01  7.17375482e-01  6.64453331e-01  4.29796356e-01
   1.00591451e+00  1.64138028e+00  2.01318059e+00  2.27654586e+00
   2.50603278e+00  2.72831509e+00  2.94832258e+00  3.16226848e+00
   3.36370830e+00  3.54621657e+00  3.70445673e+00  3.83450355e+00
   3.93383124e+00  4.00116412e+00  4.03628203e+00  4.03982232e+00
   4.01309654e+00  3.95792799e+00  3.87651171e+00  3.77129575e+00
   3.64488177e+00  3.49994304e+00  3.33915736e+00  3.16515330e+00
   2.98046769e+00  2.78751303e+00  2.58855332e+00  2.38568748e+00
   2.18083956e+00  1.97575596e+00  1.77201086e+00  1.57102398e+00
   1.37409943e+00  1.18250550e+00  9.97636507e-01  8.21342534e-01
   6.56604656e-01  5.08920600e-01  3.89139615e-01  3.19081049e-01
   3.39948057e-01  4.82628549e-01  9.16466788e-10]]
[2025-06-20 16:08:00,048] [INFO] [control_cvxpy_demo.py:77:<module>] optim_u: 
[[-1.00001509 -1.00001286 -1.00001047 -1.00000799  0.82746806  1.00000351
   1.00000202  1.00000045  0.55450955  0.21830059  0.11822125  0.10818417
   0.12800681  0.15283716  0.17302525  0.18558116  0.19037662  0.18841792
   0.18106174  0.16966922  0.15546493  0.13949052  0.12260111  0.10547947
   0.08865661  0.07253345  0.05740144  0.04346117  0.03083884  0.01960073
   0.00976581  0.00131683 -0.00578994 -0.01161618 -0.01623381 -0.01971835
  -0.02214331 -0.02357625 -0.02407792 -0.02370753 -0.0225409  -0.02071531
  -0.0185302  -0.01666402 -0.01663313 -0.02175962 -0.03926304 -0.08552961
  -0.20989331 -0.73283656]
 [-1.00002924 -1.00002439 -1.00001964 -1.00001507 -1.00001063 -1.0000071
  -1.00000385  0.09323164  0.79814711  0.93885307  0.91196222  0.82536364
   0.72247674  0.6217845   0.53058381  0.45106812  0.38316421  0.32586624
   0.27785753  0.23779272  0.20441849  0.17661814  0.15342118  0.13399764
   0.11764616  0.10378042  0.09191573  0.0816566   0.07268547  0.06475284
   0.05766853  0.05129411  0.04553632  0.04034166  0.03569196  0.03160155
   0.02811652  0.0253179   0.02333211  0.02235603  0.02271137  0.02495929
   0.03013838  0.04025605  0.05930023  0.09530809  0.16441667  0.29610635
   0.4975039  -0.02026039]]
[2025-06-20 16:08:00,048] [INFO] [control_cvxpy_demo.py:78:<module>] optim_lagr_multip: 
[ 897.10517155 -440.38400679 1207.16918471 -696.954602   -716.73232937
  758.89178241 -640.78856521 -369.68237559]
[2025-06-20 16:08:50,181] [INFO] [control_cvxpy_demo.py:75:<module>] optim_objective: 2515.772083671148
[2025-06-20 16:08:50,182] [INFO] [control_cvxpy_demo.py:76:<module>] optim_x: 
[[-2.26319382e+00 -2.45608076e+00 -1.91299157e+00 -1.06362715e+00
  -3.37897284e-02  1.23558844e+00  2.53900182e+00  3.91028522e+00
   4.67554148e+00  4.71328495e+00  4.35760699e+00  3.84912730e+00
   3.30265325e+00  2.77065993e+00  2.27572548e+00  1.82627193e+00
   1.42414193e+00  1.06822577e+00  7.56181401e-01  4.85236395e-01
   2.52550230e-01  5.53680941e-02 -1.08922457e-01 -2.42778729e-01
  -3.48508778e-01 -4.28284275e-01 -4.84155114e-01 -5.18063629e-01
  -5.31857695e-01 -5.27302636e-01 -5.06092150e-01 -4.69858554e-01
  -4.20182719e-01 -3.58604060e-01 -2.86631054e-01 -2.05752878e-01
  -1.17453119e-01 -2.32272212e-02  7.53932176e-02  1.76803054e-01
   2.79260627e-01  3.80773712e-01  4.78882266e-01  5.70230953e-01
   6.49711702e-01  7.08725004e-01  7.31640249e-01  6.88687317e-01
   5.23506609e-01  1.59774043e-01 -6.70752095e-10]
 [ 3.75860446e+00  5.85368159e-01 -1.48124969e+00 -3.26789858e+00
  -5.02968822e+00 -6.50098949e+00 -8.09353307e+00 -9.74977861e+00
  -9.13599207e+00 -7.57177009e+00 -6.16282726e+00 -4.98448175e+00
  -4.02542993e+00 -3.25963488e+00 -2.65902841e+00 -2.19716930e+00
  -1.85039625e+00 -1.59806232e+00 -1.42240907e+00 -1.30830754e+00
  -1.24296277e+00 -1.21562345e+00 -1.21731278e+00 -1.24058613e+00
  -1.27931563e+00 -1.32849997e+00 -1.38409703e+00 -1.44287651e+00
  -1.50229032e+00 -1.56035824e+00 -1.61556697e+00 -1.66678052e+00
  -1.71316046e+00 -1.75409429e+00 -1.78913034e+00 -1.81791739e+00
  -1.84014647e+00 -1.85549098e+00 -1.86353816e+00 -1.86369876e+00
  -1.85506856e+00 -1.83618851e+00 -1.80459510e+00 -1.75593842e+00
  -1.68221129e+00 -1.56815347e+00 -1.38393423e+00 -1.07062626e+00
  -5.17440831e-01  3.79146132e-01 -1.05416257e-09]
 [ 1.53878947e+00 -4.72389706e-01 -1.45484777e+00 -2.27408639e+00
  -3.17771342e+00 -4.01060533e+00 -4.81789689e+00 -5.48396119e+00
  -5.27338966e+00 -4.90728554e+00 -4.72033807e+00 -4.60472387e+00
  -4.49683283e+00 -4.37037867e+00 -4.21820358e+00 -4.04189881e+00
  -3.84657801e+00 -3.63836141e+00 -3.42321712e+00 -3.20646757e+00
  -2.99261643e+00 -2.78532641e+00 -2.58746486e+00 -2.40117700e+00
  -2.22796743e+00 -2.06878052e+00 -1.92407580e+00 -1.79389645e+00
  -1.67793047e+00 -1.57556460e+00 -1.48593114e+00 -1.40794837e+00
  -1.34035469e+00 -1.28173702e+00 -1.23055374e+00 -1.18515225e+00
  -1.14378116e+00 -1.10459670e+00 -1.06566253e+00 -1.02494070e+00
  -9.80270167e-01 -9.29324706e-01 -8.69534690e-01 -7.97941245e-01
  -7.10919125e-01 -6.03639656e-01 -4.69019875e-01 -2.95761462e-01
  -6.64758360e-02  2.14987028e-01  1.04578018e-09]
 [-8.94278504e-01 -1.59792856e+00 -1.23996658e+00 -5.39444369e-01
   2.70761186e-01  1.65177130e+00  3.03944274e+00  4.47041518e+00
   5.60399574e+00  5.96700527e+00  5.76436723e+00  5.31264120e+00
   4.77005785e+00  4.21213688e+00  3.67399281e+00  3.17116124e+00
   2.70971000e+00  2.29114554e+00  1.91479650e+00  1.57897434e+00
   1.28154051e+00  1.02018563e+00  7.92568319e-01  5.96385418e-01
   4.29408097e-01  2.89500558e-01  1.74629430e-01  8.28677945e-02
   1.23957592e-02 -3.85013718e-02 -7.14367672e-02 -8.79271776e-02
  -8.93991781e-02 -7.71962829e-02 -5.25867236e-02 -1.67717836e-02
   2.91051341e-02  8.39479592e-02  1.46693915e-01  2.16291254e-01
   2.91658381e-01  3.71602177e-01  4.54648911e-01  5.38690622e-01
   6.20245648e-01  6.92917169e-01  7.44193724e-01  7.48879511e-01
   6.56476578e-01  3.80060114e-01 -2.51105616e-10]
 [ 1.46555443e+00  1.97388743e+00  3.63108141e+00  5.43734152e+00
   7.10489561e+00  6.46847251e+00  5.54834803e+00  4.65505000e+00
   3.43065550e+00  2.12661433e+00  8.96860589e-01 -2.32625011e-01
  -1.23164476e+00 -2.08917665e+00 -2.80703429e+00 -3.39364253e+00
  -3.86029865e+00 -4.21918335e+00 -4.48236202e+00 -4.66130831e+00
  -4.76669590e+00 -4.80832660e+00 -4.79512760e+00 -4.73518343e+00
  -4.63578496e+00 -4.50348602e+00 -4.34416281e+00 -4.16307327e+00
  -3.96491490e+00 -3.75388039e+00 -3.53371045e+00 -3.30774391e+00
  -3.07896493e+00 -2.85004771e+00 -2.62339864e+00 -2.40119647e+00
  -2.18543067e+00 -1.97793863e+00 -1.78044198e+00 -1.59458297e+00
  -1.42196147e+00 -1.26417386e+00 -1.12285544e+00 -9.99728532e-01
  -8.96660044e-01 -8.15732156e-01 -7.59317557e-01 -7.29983816e-01
  -7.27810857e-01 -7.10381083e-01  1.17337807e-10]
 [-2.26715134e-01 -1.55902240e+00 -1.55847854e+00 -1.04834558e+00
  -2.75669563e-01  3.04980016e-01  6.18342219e-01  7.62559270e-01
   1.41823065e+00  1.98626167e+00  2.22827435e+00  2.29094826e+00
   2.26499010e+00  2.19781483e+00  2.11368024e+00  2.02497354e+00
   1.93798032e+00  1.85578826e+00  1.77975613e+00  1.71027141e+00
   1.64715453e+00  1.58988610e+00  1.53774322e+00  1.48988738e+00
   1.44542512e+00  1.40345187e+00  1.36308462e+00  1.32348635e+00
   1.28388395e+00  1.24358083e+00  1.20196485e+00  1.15851212e+00
   1.11278721e+00  1.06443992e+00  1.01319884e+00  9.58862111e-01
   9.01285480e-01  8.40368481e-01  7.76039949e-01  7.08246011e-01
   6.36947126e-01  5.62138303e-01  4.83922292e-01  4.02698028e-01
   3.19593715e-01  2.37412257e-01  1.62636895e-01  1.09537249e-01
   1.07110688e-01  1.88900806e-01  2.62300162e-10]
 [ 3.39488815e+00  1.34031135e+00 -2.45394112e-01 -1.75762834e+00
  -3.31253995e+00 -3.40782494e+00 -3.57331691e+00 -3.91854560e+00
  -3.40681776e+00 -2.86668401e+00 -2.60602471e+00 -2.43414818e+00
  -2.26705226e+00 -2.07457951e+00 -1.85049988e+00 -1.59858654e+00
  -1.32624419e+00 -1.04163756e+00 -7.52454697e-01 -4.65432838e-01
  -1.86234594e-01  8.05213383e-02  3.31167281e-01  5.62874454e-01
   7.73540950e-01  9.61687937e-01  1.12636697e+00  1.26707896e+00
   1.38370436e+00  1.47644367e+00  1.54576742e+00  1.59237477e+00
   1.61715998e+00  1.62118624e+00  1.60566627e+00  1.57194970e+00
   1.52151726e+00  1.45598249e+00  1.37710275e+00  1.28680346e+00
   1.18722352e+00  1.08079859e+00  9.70416206e-01  8.59712322e-01
   7.53652025e-01  6.59684934e-01  5.90052969e-01  5.66198016e-01
   6.23831310e-01  7.65573372e-01  1.42577779e-10]
 [ 4.55945045e+00  2.62166413e+00  1.68045223e+00  1.06745468e+00
   5.89466552e-01  7.17375482e-01  6.64453331e-01  4.29796356e-01
   1.00591451e+00  1.64138028e+00  2.01318059e+00  2.27654586e+00
   2.50603278e+00  2.72831509e+00  2.94832258e+00  3.16226848e+00
   3.36370830e+00  3.54621657e+00  3.70445673e+00  3.83450355e+00
   3.93383124e+00  4.00116412e+00  4.03628203e+00  4.03982232e+00
   4.01309654e+00  3.95792799e+00  3.87651171e+00  3.77129575e+00
   3.64488177e+00  3.49994304e+00  3.33915736e+00  3.16515330e+00
   2.98046769e+00  2.78751303e+00  2.58855332e+00  2.38568748e+00
   2.18083956e+00  1.97575596e+00  1.77201086e+00  1.57102398e+00
   1.37409943e+00  1.18250550e+00  9.97636507e-01  8.21342534e-01
   6.56604656e-01  5.08920600e-01  3.89139615e-01  3.19081049e-01
   3.39948057e-01  4.82628549e-01  9.16466788e-10]]
[2025-06-20 16:08:50,183] [INFO] [control_cvxpy_demo.py:77:<module>] optim_u: 
[[-1.00001509 -1.00001286 -1.00001047 -1.00000799  0.82746806  1.00000351
   1.00000202  1.00000045  0.55450955  0.21830059  0.11822125  0.10818417
   0.12800681  0.15283716  0.17302525  0.18558116  0.19037662  0.18841792
   0.18106174  0.16966922  0.15546493  0.13949052  0.12260111  0.10547947
   0.08865661  0.07253345  0.05740144  0.04346117  0.03083884  0.01960073
   0.00976581  0.00131683 -0.00578994 -0.01161618 -0.01623381 -0.01971835
  -0.02214331 -0.02357625 -0.02407792 -0.02370753 -0.0225409  -0.02071531
  -0.0185302  -0.01666402 -0.01663313 -0.02175962 -0.03926304 -0.08552961
  -0.20989331 -0.73283656]
 [-1.00002924 -1.00002439 -1.00001964 -1.00001507 -1.00001063 -1.0000071
  -1.00000385  0.09323164  0.79814711  0.93885307  0.91196222  0.82536364
   0.72247674  0.6217845   0.53058381  0.45106812  0.38316421  0.32586624
   0.27785753  0.23779272  0.20441849  0.17661814  0.15342118  0.13399764
   0.11764616  0.10378042  0.09191573  0.0816566   0.07268547  0.06475284
   0.05766853  0.05129411  0.04553632  0.04034166  0.03569196  0.03160155
   0.02811652  0.0253179   0.02333211  0.02235603  0.02271137  0.02495929
   0.03013838  0.04025605  0.05930023  0.09530809  0.16441667  0.29610635
   0.4975039  -0.02026039]]
[2025-06-20 16:08:50,183] [INFO] [control_cvxpy_demo.py:78:<module>] optim_lagr_multip: 
[ 897.10517155 -440.38400679 1207.16918471 -696.954602   -716.73232937
  758.89178241 -640.78856521 -369.68237559]
